3.000000000000000000e+00 6.300000000000000000e+02
3.000000000000000000e+00 6.420000000000000000e+02
2.000000000000000000e+00 6.370000000000000000e+02
3.000000000000000000e+00 5.960000000000000000e+02
5.000000000000000000e+00 4.330000000000000000e+02
7.000000000000000000e+00 3.250000000000000000e+02
9.000000000000000000e+00 3.510000000000000000e+02
1.100000000000000000e+01 2.280000000000000000e+02
1.200000000000000000e+01 2.950000000000000000e+02
1.400000000000000000e+01 1.790000000000000000e+02
1.600000000000000000e+01 1.520000000000000000e+02
1.900000000000000000e+01 1.360000000000000000e+02
2.200000000000000000e+01 1.190000000000000000e+02
2.400000000000000000e+01 1.080000000000000000e+02
2.600000000000000000e+01 1.870000000000000000e+02
2.800000000000000000e+01 9.500000000000000000e+01
2.900000000000000000e+01 9.100000000000000000e+01
3.100000000000000000e+01 8.700000000000000000e+01
3.300000000000000000e+01 8.300000000000000000e+01
3.500000000000000000e+01 7.500000000000000000e+01
3.800000000000000000e+01 1.170000000000000000e+02
4.000000000000000000e+01 7.000000000000000000e+01
4.100000000000000000e+01 7.200000000000000000e+01
4.300000000000000000e+01 6.600000000000000000e+01
4.500000000000000000e+01 7.300000000000000000e+01
4.700000000000000000e+01 7.100000000000000000e+01
4.900000000000000000e+01 7.100000000000000000e+01
5.200000000000000000e+01 6.700000000000000000e+01
5.300000000000000000e+01 7.100000000000000000e+01
5.500000000000000000e+01 7.200000000000000000e+01
5.500000000000000000e+01 7.200000000000000000e+01
5.700000000000000000e+01 7.500000000000000000e+01
5.700000000000000000e+01 7.000000000000000000e+01
5.600000000000000000e+01 7.400000000000000000e+01
5.400000000000000000e+01 7.100000000000000000e+01
5.200000000000000000e+01 1.590000000000000000e+02
5.000000000000000000e+01 6.800000000000000000e+01
4.800000000000000000e+01 7.100000000000000000e+01
4.600000000000000000e+01 7.500000000000000000e+01
4.500000000000000000e+01 7.100000000000000000e+01
4.200000000000000000e+01 7.500000000000000000e+01
4.000000000000000000e+01 7.100000000000000000e+01
3.800000000000000000e+01 7.500000000000000000e+01
3.600000000000000000e+01 7.600000000000000000e+01
3.400000000000000000e+01 8.300000000000000000e+01
3.200000000000000000e+01 8.300000000000000000e+01
3.100000000000000000e+01 7.900000000000000000e+01
2.900000000000000000e+01 1.730000000000000000e+02
2.800000000000000000e+01 8.600000000000000000e+01
2.700000000000000000e+01 9.200000000000000000e+01
2.500000000000000000e+01 9.600000000000000000e+01
2.400000000000000000e+01 9.900000000000000000e+01
2.300000000000000000e+01 1.030000000000000000e+02
2.100000000000000000e+01 1.130000000000000000e+02
2.000000000000000000e+01 1.250000000000000000e+02
1.900000000000000000e+01 1.270000000000000000e+02
1.800000000000000000e+01 1.360000000000000000e+02
1.700000000000000000e+01 1.410000000000000000e+02
1.600000000000000000e+01 1.530000000000000000e+02
1.400000000000000000e+01 1.730000000000000000e+02
1.300000000000000000e+01 1.810000000000000000e+02
1.200000000000000000e+01 1.930000000000000000e+02
1.100000000000000000e+01 2.130000000000000000e+02
1.100000000000000000e+01 2.200000000000000000e+02
1.000000000000000000e+01 2.360000000000000000e+02
8.000000000000000000e+00 2.690000000000000000e+02
7.000000000000000000e+00 2.910000000000000000e+02
7.000000000000000000e+00 3.260000000000000000e+02
6.000000000000000000e+00 3.420000000000000000e+02
6.000000000000000000e+00 3.730000000000000000e+02
5.000000000000000000e+00 5.060000000000000000e+02
5.000000000000000000e+00 4.360000000000000000e+02
4.000000000000000000e+00 4.640000000000000000e+02
4.000000000000000000e+00 5.160000000000000000e+02
3.000000000000000000e+00 5.730000000000000000e+02
3.000000000000000000e+00 7.200000000000000000e+02
3.000000000000000000e+00 6.440000000000000000e+02
3.000000000000000000e+00 6.260000000000000000e+02
3.000000000000000000e+00 5.920000000000000000e+02
3.000000000000000000e+00 7.040000000000000000e+02
4.000000000000000000e+00 5.770000000000000000e+02
8.000000000000000000e+00 4.030000000000000000e+02
6.000000000000000000e+00 4.500000000000000000e+02
4.000000000000000000e+00 4.850000000000000000e+02
2.000000000000000000e+00 6.330000000000000000e+02
3.000000000000000000e+00 6.300000000000000000e+02
3.000000000000000000e+00 5.710000000000000000e+02
4.000000000000000000e+00 5.110000000000000000e+02
5.000000000000000000e+00 4.410000000000000000e+02
6.000000000000000000e+00 3.600000000000000000e+02
8.000000000000000000e+00 2.960000000000000000e+02
9.000000000000000000e+00 2.630000000000000000e+02
1.100000000000000000e+01 2.800000000000000000e+02
1.200000000000000000e+01 2.040000000000000000e+02
1.200000000000000000e+01 1.970000000000000000e+02
1.400000000000000000e+01 1.800000000000000000e+02
1.500000000000000000e+01 1.620000000000000000e+02
1.700000000000000000e+01 1.120000000000000000e+02
1.800000000000000000e+01 1.280000000000000000e+02
2.000000000000000000e+01 1.270000000000000000e+02
